101011110000000000000100111111111110001010100001
000000000000100000001010001010101000111111111001
101010010001010000010001000000000000000000000001
101000101010001000100100100000100010011111111001
101000000100100101001010010000010100010000001000
101000100001010010010001001000001000010111101000
000000010000100000100000100100010100010100101000
000000001000000010010001000000100010010111101000
000010000100000101001010010000000000010000001000
001111100010001000100100101000000010011111111000
000010000001010000010001000100000100000000000000
000000111100100000001010000010001000000000000000
000010011110000000000100000001010000111111100000
000001001111100001000000000000100000001111111000
000000100111110010100000001000000000000001111111
111000010011100100010000010100010000000000011111
111110001001001000001000100010101000000000000000
111111000100010000000101000001000000000000000000
111111110010100000000010000000000000000000000000
000000000001000000000000000000000000000000000000
000000000000000000000000011111111111000000000000
001111111111100001000000010000000001000000000000
001001000000000010000000010111111101000000000000
011001001111001100000000010100000101000000000000
000000110000110000000000010101110101000000000000
000000000000000000000000010101000101000000000000
000000000000000000000000010101111101000000000000
000000000000000000000000010100000001000000000000
000000000000000000000000010111111111000000000000
000000000000000000000000010000000000000000000000
011111110010101010000000011111111111111000000000
101010101001111100000000000000000000000000000000
